image_width: 640
image_height: 480
camera_name: bottom_camera
camera_matrix:
  rows: 3
  cols: 3
  data: [542.6469, 0.000000, 317.4705, 0.000000, 521.7844, 217.437, 0.000000, 0.000000, 1.000000]
distortion_model: plumb_bob
distortion_coefficients:
  rows: 1
  cols: 5
  data: [0.019790873179200835, -0.0767137910367421, -0.004907195025703394, 0.00271243102680292, 0.000000]
rectification_matrix:
  rows: 3
  cols: 3
  data: [1.0, 0.0, 0.0, 0.0, 1.0, 0.0, 0.0, 0.0, 1.0]
projection_matrix:
  rows: 3
  cols: 4
  data: [542.6469, 0.000000, 317.4705, 0.000000, 0.000000, 521.7844, 217.437, 0.000000, 0.000000, 0.000000, 1.000000, 0.000000]