image_width: 640
image_height: 480
camera_name: bottom_camera
camera_matrix:
  rows: 3
  cols: 3
  data: [385.1364, 0.000000, 317.6051, 0.000000, 517.1356, 205.86462, 0.000000, 0.000000, 1.000000]
distortion_model: radtan
distortion_coefficients:
  rows: 1
  cols: 5
  data: [-0.3680462699937281, 0.12084033948345463, -0.0015973720172268431, 0.0018049339465830234, 0.000000]
rectification_matrix:
  rows: 3
  cols: 3
  data: [1.0, 0.0, 0.0, 0.0, 1.0, 0.0, 0.0, 0.0, 1.0]
projection_matrix:
  rows: 3
  cols: 4
  data: [385.1364, 0.000000, 317.6051, 0.000000, 0.000000, 517.1356, 205.86462, 0.000000, 0.000000, 0.000000, 1.000000, 0.000000]