image_width: 1280
image_height: 720
camera_name: front_camera
camera_matrix:
  rows: 3
  cols: 3
  data: [774.3853842175279, 0.000000, 732.5434928736279, 0.000000, 643.3275909809454, 345.3077583479819, 0.000000, 0.000000, 1.000000]
distortion_model: radtan
distortion_coefficients:
  rows: 1
  cols: 5
  data: [-0.18793699044710444, 0.030648384207360595, -0.011489713736910214, 0.0019319259152763984, 0.000000]
rectification_matrix:
  rows: 3
  cols: 3
  data: [1.0, 0.002789, 0.0, 0.0, 1.0, 0.0, 0.0, 0.0, 1.0]
projection_matrix:
  rows: 3
  cols: 4
  data: [774.3853842175279, 0.000000, 732.5434928736279, 0.000000, 0.000000, 643.3275909809454, 345.3077583479819, 0.000000, 0.000000, 0.000000, 1.000000, 0.000000]