image_width: 640
image_height: 480
camera_name: front_camera
camera_matrix:
  rows: 3
  cols: 3
  data: [387.1925, 0.000000, 366.2718, 0.000000, 321.59615, 227.903082, 0.000000, 0.000000, 1.000000]
distortion_model: radtan
distortion_coefficients:
  rows: 1
  cols: 5
  data: [-0.18793699044710444, 0.030648384207360595, -0.011489713736910214, 0.0019319259152763984, 0.000000]
rectification_matrix:
  rows: 3
  cols: 3
  data: [1.0, 0.0, 0.0, 0.0, 1.0, 0.0, 0.0, 0.0, 1.0]
projection_matrix:
  rows: 3
  cols: 4
  data: [387.1925, 0.000000, 366.2718, 0.000000, 0.000000, 321.59615, 227.903082, 0.000000, 0.000000, 0.000000, 1.000000, 0.000000]